30
Agarum_fimbriatum          0.0000000 0.5408703 0.6352912 3.3385284 0.2039170 0.1459482 0.1498415 0.1490254 0.1638829 0.1669277 0.1498725 0.1500874 0.5207419 0.6319354 0.6371024 0.6084742 0.6105166 0.5818163 0.5891167 0.1591606 0.1776760 0.1756797 0.1760387 0.1805748 0.1891451 0.2457196 0.2908151 0.1489337 3.3882002 3.3925654 
Ahnfeltia_plicata          0.5408703 0.0000000 0.3705062 3.9622511 0.6536165 0.5406988 0.5903922 0.5513361 0.6396777 0.6131678 0.5528245 0.6037862 0.3133730 0.4294259 0.3380621 0.3114393 0.3383400 0.3760056 0.3665770 0.5570720 0.6394111 0.6516321 0.6350961 0.6483899 0.5962520 0.5928061 1.2151070 0.5450107 3.2724482 3.2624560 
Ballia_callitricha         0.6352912 0.3705062 0.0000000 3.7402879 0.6277227 0.5910943 0.6805337 0.6090771 0.6227229 0.6169749 0.6117777 0.6806782 0.3454916 0.4585044 0.4209337 0.1530017 0.1578861 0.3499267 0.3863289 0.6031009 0.6340904 0.6338907 0.6298280 0.6307831 0.6464077 0.6058241 1.4985380 0.6039466 3.2295308 3.2109150 
Blidingia_minima           3.3385284 3.9622511 3.7402879 0.0000000 3.3202084 3.2615033 3.4767135 3.3037441 3.2841561 3.3025432 3.2886696 3.3644104 3.5311271 4.2159046 4.3769714 3.8125374 4.1595073 4.6138968 4.1953619 3.3617203 3.8809642 3.8262350 3.8485984 3.8233031 3.5004354 3.3950561 8.9999989 3.2283996 0.2394014 0.2416725 
Caepidium_antarcticum      0.2039170 0.6536165 0.6277227 3.3202084 0.0000000 0.1104593 0.2033966 0.1095692 0.1138511 0.1148657 0.1096450 0.1112435 0.5115334 0.6259614 0.7139006 0.6638762 0.6697796 0.6033100 0.6607174 0.1146743 0.1371277 0.1380109 0.1357104 0.1397194 0.2003057 0.2685380 0.2749506 0.1032099 3.5781110 3.5270999 
Cladosiphon_umezakii       0.1459482 0.5406988 0.5910943 3.2615033 0.1104593 0.0000000 0.1644810 0.0366917 0.0965781 0.0998919 0.0360607 0.0419380 0.5162726 0.5981361 0.6816023 0.6160676 0.6604580 0.5735324 0.6241522 0.0405916 0.1127632 0.1112552 0.1114395 0.1127952 0.1746617 0.2342921 0.2253790 0.0232970 3.1315592 3.2286198 
Desmarestia_chordalis      0.1498415 0.5903922 0.6805337 3.4767135 0.2033966 0.1644810 0.0000000 0.1652838 0.1822230 0.1771042 0.1690151 0.1724187 0.5967492 0.6233342 0.7133416 0.6743315 0.6842421 0.6447990 0.6950853 0.1802080 0.1901257 0.1909973 0.1901257 0.1951127 0.1617173 0.2026621 0.2684106 0.1621460 3.5393638 3.6409850 
Dictyosiphon_foeniculaceus 0.1490254 0.5513361 0.6090771 3.3037441 0.1095692 0.0366917 0.1652838 0.0000000 0.0981219 0.0997992 0.0418989 0.0468507 0.5059549 0.5883083 0.6558196 0.6022162 0.6424808 0.5793895 0.6184084 0.0455006 0.1085222 0.1070323 0.1072082 0.1085531 0.1857098 0.2357003 0.2209032 0.0312739 3.1540893 3.2256632 
Ectocarpus_siliculosus     0.1638829 0.6396777 0.6227229 3.2841561 0.1138511 0.0965781 0.1822230 0.0981219 0.0000000 0.0197137 0.0992427 0.0999527 0.5226301 0.5779158 0.6580070 0.6423584 0.6728206 0.5923730 0.6318458 0.1040104 0.1084323 0.1093832 0.1070780 0.1109633 0.1845390 0.2479108 0.2748672 0.0856244 3.5688587 3.6399473 
Ectocarpus_sp._SMB-2003    0.1669277 0.6131678 0.6169749 3.3025432 0.1148657 0.0998919 0.1771042 0.0997992 0.0197137 0.0000000 0.0984549 0.1007909 0.5212886 0.5757797 0.6539252 0.6312218 0.6721057 0.5778835 0.6064874 0.1039854 0.1135116 0.1144533 0.1121430 0.1160597 0.1778955 0.2448479 0.2835637 0.0808639 3.5407984 3.5991604 
Elachista_stellaris        0.1498725 0.5528245 0.6117777 3.2886696 0.1096450 0.0360607 0.1690151 0.0418989 0.0992427 0.0984549 0.0000000 0.0197966 0.5038140 0.5651452 0.6485451 0.6365678 0.6650588 0.5523922 0.5791541 0.0450614 0.1083068 0.1068013 0.1069788 0.1083380 0.1813540 0.2441150 0.2203264 0.0251285 3.1793069 3.2311865 
Elachista_scutulata        0.1500874 0.6037862 0.6806782 3.3644104 0.1112435 0.0419380 0.1724187 0.0468507 0.0999527 0.1007909 0.0197966 0.0000000 0.5308738 0.5930636 0.6858676 0.6745080 0.7113792 0.5908325 0.6602633 0.0570956 0.1077796 0.1060939 0.1077796 0.1093096 0.1739050 0.2501202 0.2371195 0.0310998 3.1028814 3.2043800 
Hypnea_flexicaulis         0.5207419 0.3133730 0.3454916 3.5311271 0.5115334 0.5162726 0.5967492 0.5059549 0.5226301 0.5212886 0.5038140 0.5308738 0.0000000 0.3819824 0.3063955 0.3551421 0.3475109 0.3810245 0.3776808 0.5120113 0.5736648 0.5735077 0.5697919 0.5707532 0.6123409 0.5198568 1.2551162 0.4962282 3.2237910 3.4132764 
Jania_rubens               0.6319354 0.4294259 0.4585044 4.2159046 0.6259614 0.5981361 0.6233342 0.5883083 0.5779158 0.5757797 0.5651452 0.5930636 0.3819824 0.0000000 0.4239471 0.4603029 0.4654496 0.4056128 0.4241261 0.5857556 0.6302170 0.6300183 0.6259710 0.6315021 0.6280969 0.6332658 1.5359324 0.5726829 4.0398992 4.0927271 
Palisada_perforata         0.6371024 0.3380621 0.4209337 4.3769714 0.7139006 0.6816023 0.7133416 0.6558196 0.6580070 0.6539252 0.6485451 0.6858676 0.3063955 0.4239471 0.0000000 0.4036173 0.3872801 0.4386926 0.4222711 0.7038765 0.7387750 0.7386095 0.7337046 0.7448480 0.6918075 0.7029187 1.9929088 0.6613800 3.3880542 3.6234954 
Palmaria_hecatensis        0.6084742 0.3114393 0.1530017 3.8125374 0.6638762 0.6160676 0.6743315 0.6022162 0.6423584 0.6312218 0.6365678 0.6745080 0.3551421 0.4603029 0.4036173 0.0000000 0.0297123 0.3632302 0.3674448 0.6202078 0.6449937 0.6381834 0.6405827 0.6437391 0.6298193 0.6208781 1.2967013 0.6216089 3.3899883 3.2427537 
Palmaria_palmata           0.6105166 0.3383400 0.1578861 4.1595073 0.6697796 0.6604580 0.6842421 0.6424808 0.6728206 0.6721057 0.6650588 0.7113792 0.3475109 0.4654496 0.3872801 0.0297123 0.0000000 0.3519947 0.3394565 0.6747788 0.6593433 0.6591405 0.6549184 0.6647385 0.6449021 0.6699531 1.2123243 0.6660286 3.5844373 3.6428743 
Porphyra_linearis          0.5818163 0.3760056 0.3499267 4.6138968 0.6033100 0.5735324 0.6447990 0.5793895 0.5923730 0.5778835 0.5523922 0.5908325 0.3810245 0.4056128 0.4386926 0.3632302 0.3519947 0.0000000 0.1343327 0.5685169 0.6572098 0.6504042 0.6528087 0.6540420 0.6318104 0.6230130 1.7331760 0.5578313 3.5570802 3.6205155 
Porphyra_sp._DN001         0.5891167 0.3665770 0.3863289 4.1953619 0.6607174 0.6241522 0.6950853 0.6184084 0.6318458 0.6064874 0.5791541 0.6602633 0.3776808 0.4241261 0.4222711 0.3674448 0.3394565 0.1343327 0.0000000 0.6120597 0.6871808 0.6869853 0.6826078 0.6885890 0.6385180 0.6308771 1.6166447 0.5901691 3.3350119 3.3998390 
Punctaria_latifolia        0.1591606 0.5570720 0.6031009 3.3617203 0.1146743 0.0405916 0.1802080 0.0455006 0.1040104 0.1039854 0.0450614 0.0570956 0.5120113 0.5857556 0.7038765 0.6202078 0.6747788 0.5685169 0.6120597 0.0000000 0.1098593 0.1083415 0.1085227 0.1089527 0.1825831 0.2558425 0.2242212 0.0306940 3.2614663 3.3748856 
Pylaiella_littoralis41     0.1776760 0.6394111 0.6340904 3.8809642 0.1371277 0.1127632 0.1901257 0.1085222 0.1084323 0.1135116 0.1083068 0.1077796 0.5736648 0.6302170 0.7387750 0.6449937 0.6593433 0.6572098 0.6871808 0.1098593 0.0000000 0.0028199 0.0009379 0.0056778 0.2156266 0.2683838 0.3010530 0.1034753 3.9766089 3.8290902 
Pylaiella_littoralis43     0.1756797 0.6516321 0.6338907 3.8262350 0.1380109 0.1112552 0.1909973 0.1070323 0.1093832 0.1144533 0.1068013 0.1060939 0.5735077 0.6300183 0.7386095 0.6381834 0.6591405 0.6504042 0.6869853 0.1083415 0.0028199 0.0000000 0.0037659 0.0047167 0.2133823 0.2690018 0.2975229 0.1020098 3.9214687 3.7760168 
Pylaiella_littoralis45     0.1760387 0.6350961 0.6298280 3.8485984 0.1357104 0.1114395 0.1901257 0.1072082 0.1070780 0.1121430 0.1069788 0.1077796 0.5697919 0.6259710 0.7337046 0.6405827 0.6549184 0.6528087 0.6826078 0.1085227 0.0009379 0.0037659 0.0000000 0.0047222 0.2138508 0.2663146 0.3010530 0.1021756 3.9440892 3.7976615 
Pylaiella_littoralis47     0.1805748 0.6483899 0.6307831 3.8233031 0.1397194 0.1127952 0.1951127 0.1085531 0.1109633 0.1160597 0.1083380 0.1093096 0.5707532 0.6315021 0.7448480 0.6437391 0.6647385 0.6540420 0.6885890 0.1089527 0.0056778 0.0047167 0.0047222 0.0000000 0.2156640 0.2717634 0.2993349 0.1035048 3.9184199 3.7732202 
Scytothamnus_fasciculatus  0.1891451 0.5962520 0.6464077 3.5004354 0.2003057 0.1746617 0.1617173 0.1857098 0.1845390 0.1778955 0.1813540 0.1739050 0.6123409 0.6280969 0.6918075 0.6298193 0.6449021 0.6318104 0.6385180 0.1825831 0.2156266 0.2133823 0.2138508 0.2156640 0.0000000 0.2754313 0.0575375 0.1665893 3.6537350 3.7765213 
Sphacelaria_radicans       0.2457196 0.5928061 0.6058241 3.3950561 0.2685380 0.2342921 0.2026621 0.2357003 0.2479108 0.2448479 0.2441150 0.2501202 0.5198568 0.6332658 0.7029187 0.6208781 0.6699531 0.6230130 0.6308771 0.2558425 0.2683838 0.2690018 0.2663146 0.2717634 0.2754313 0.0000000 0.4276152 0.2317959 3.2852102 3.0990872 
Stereocladon_rugulosus     0.2908151 1.2151070 1.4985380 8.9999989 0.2749506 0.2253790 0.2684106 0.2209032 0.2748672 0.2835637 0.2203264 0.2371195 1.2551162 1.5359324 1.9929088 1.2967013 1.2123243 1.7331760 1.6166447 0.2242212 0.3010530 0.2975229 0.3010530 0.2993349 0.0575375 0.4276152 0.0000000 0.2231106 8.9999983 8.9999989 
Striaria_attenuata         0.1489337 0.5450107 0.6039466 3.2283996 0.1032099 0.0232970 0.1621460 0.0312739 0.0856244 0.0808639 0.0251285 0.0310998 0.4962282 0.5726829 0.6613800 0.6216089 0.6660286 0.5578313 0.5901691 0.0306940 0.1034753 0.1020098 0.1021756 0.1035048 0.1665893 0.2317959 0.2231106 0.0000000 3.0849682 3.1943698 
Ulva_clathrata             3.3882002 3.2724482 3.2295308 0.2394014 3.5781110 3.1315592 3.5393638 3.1540893 3.5688587 3.5407984 3.1793069 3.1028814 3.2237910 4.0398992 3.3880542 3.3899883 3.5844373 3.5570802 3.3350119 3.2614663 3.9766089 3.9214687 3.9440892 3.9184199 3.6537350 3.2852102 8.9999983 3.0849682 0.0000000 0.0362449 
Ulva_flexuosa              3.3925654 3.2624560 3.2109150 0.2416725 3.5270999 3.2286198 3.6409850 3.2256632 3.6399473 3.5991604 3.2311865 3.2043800 3.4132764 4.0927271 3.6234954 3.2427537 3.6428743 3.6205155 3.3998390 3.3748856 3.8290902 3.7760168 3.7976615 3.7732202 3.7765213 3.0990872 8.9999989 3.1943698 0.0362449 0.0000000 
