30
Agarum_fimbriatum          0.0000000 0.5414127 0.6363097 3.3606750 0.2040113 0.1459943 0.1497724 0.1490702 0.1638539 0.1668484 0.1544903 0.1535448 0.5213545 0.6322213 0.6385147 0.6374592 0.6115595 0.5827048 0.5903304 0.1591185 0.1776038 0.1756087 0.1759666 0.1804807 0.1890402 0.2454893 0.2909021 0.1488866 3.4108656 3.4160008 
Ahnfeltia_plicata          0.5414127 0.0000000 0.3709867 3.9895120 0.6554652 0.5415890 0.5907893 0.5525444 0.6412375 0.6148466 0.5505553 0.5594222 0.3132107 0.4301560 0.3380624 0.3290666 0.3387360 0.3765132 0.3669246 0.5578017 0.6413442 0.6536674 0.6369792 0.6503290 0.5968137 0.5930928 1.2228759 0.5461549 3.2927158 3.2834635 
Ballia_callitricha         0.6363097 0.3709867 0.0000000 3.7641791 0.6291656 0.5925020 0.6818979 0.6106085 0.6237307 0.6180285 0.6107038 0.6215227 0.3452626 0.4586590 0.4209418 0.1588195 0.1577767 0.3501204 0.3865226 0.6043440 0.6356971 0.6354951 0.6313866 0.6322967 0.6476546 0.6066847 1.5099150 0.6054592 3.2465985 3.2291733 
Blidingia_minima           3.3606750 3.9895120 3.7641791 0.0000000 3.3420991 3.2832578 3.4987063 3.3259801 3.3044876 3.3238485 3.2647202 3.4696698 3.5521854 4.2417741 4.4117901 3.9429263 4.1868127 4.6516959 4.2261355 3.3839103 3.9102418 3.8548929 3.8773415 3.8506429 3.5254592 3.4139906 8.9999981 3.2496574 0.2392452 0.2414866 
Caepidium_antarcticum      0.2040113 0.6554652 0.6291656 3.3420991 0.0000000 0.1104962 0.2033648 0.1096279 0.1138858 0.1148938 0.1047324 0.1012013 0.5122469 0.6272492 0.7159241 0.6854837 0.6715137 0.6042688 0.6623255 0.1146891 0.1371077 0.1379918 0.1356909 0.1396850 0.2003398 0.2684483 0.2752265 0.1032394 3.6021201 3.5521729 
Cladosiphon_umezakii       0.1459943 0.5415890 0.5925020 3.2832578 0.1104962 0.0000000 0.1643496 0.0367014 0.0965080 0.0997897 0.0339983 0.0364802 0.5171429 0.5985627 0.6833216 0.6487094 0.6621382 0.5745143 0.6257432 0.0405963 0.1127003 0.1111938 0.1113775 0.1127217 0.1745190 0.2340911 0.2253738 0.0232996 3.1504727 3.2496274 
Desmarestia_chordalis      0.1497724 0.5907893 0.6818979 3.4987063 0.2033648 0.1643496 0.0000000 0.1651875 0.1820215 0.1769115 0.1676860 0.1654948 0.5974892 0.6237101 0.7153348 0.7099726 0.6858205 0.6461248 0.6965887 0.1800033 0.1899866 0.1908594 0.1899866 0.1949464 0.1614988 0.2023491 0.2681419 0.1619808 3.5629454 3.6670177 
Dictyosiphon_foeniculaceus 0.1490702 0.5525444 0.6106085 3.3259801 0.1096279 0.0367014 0.1651875 0.0000000 0.0980627 0.0997146 0.0415815 0.0375733 0.5069246 0.5888879 0.6578782 0.6341439 0.6441787 0.5803890 0.6199966 0.0454921 0.1085334 0.1070438 0.1072195 0.1085542 0.1856140 0.2354771 0.2208924 0.0312780 3.1731892 3.2468377 
Ectocarpus_siliculosus     0.1638539 0.6412375 0.6237307 3.3044876 0.1138858 0.0965080 0.1820215 0.0980627 0.0000000 0.0197088 0.0939130 0.0976353 0.5232377 0.5781425 0.6593308 0.6714776 0.6741961 0.5933432 0.6333554 0.1039277 0.1083685 0.1093198 0.1070153 0.1108875 0.1845275 0.2474316 0.2751634 0.0855855 3.5917573 3.6660651 
Ectocarpus_sp._SMB-2003    0.1668484 0.6148466 0.6180285 3.3238485 0.1148938 0.0997897 0.1769115 0.0997146 0.0197088 0.0000000 0.0946806 0.0983780 0.5218731 0.5761961 0.6554601 0.6600071 0.6735133 0.5789396 0.6080141 0.1038882 0.1134723 0.1144145 0.1121044 0.1160083 0.1779664 0.2444266 0.2837865 0.0808200 3.5648814 3.6249782 
Elachista_antarctica       0.1544903 0.5505553 0.6107038 3.2647202 0.1047324 0.0339983 0.1676860 0.0415815 0.0939130 0.0946806 0.0000000 0.0348163 0.5265315 0.5962191 0.6588945 0.6515936 0.6571270 0.5543791 0.6077349 0.0495065 0.1131016 0.1115717 0.1117589 0.1131233 0.1793171 0.2352462 0.2357698 0.0311548 2.9560907 3.0306203 
Elachista_fucicola         0.1535448 0.5594222 0.6215227 3.4696698 0.1012013 0.0364802 0.1654948 0.0375733 0.0976353 0.0983780 0.0348163 0.0000000 0.5228732 0.6016285 0.6908450 0.6518430 0.6569025 0.5876398 0.6327311 0.0462907 0.1122739 0.1107619 0.1109457 0.1096143 0.1780380 0.2462358 0.2300844 0.0339614 3.3135116 3.3691151 
Hypnea_flexicaulis         0.5213545 0.3132107 0.3452626 3.5521854 0.5122469 0.5171429 0.5974892 0.5069246 0.5232377 0.5218731 0.5265315 0.5228732 0.0000000 0.3821526 0.3063366 0.3667853 0.3474551 0.3810718 0.3776004 0.5124809 0.5747999 0.5746386 0.5708876 0.5718059 0.6134194 0.5202031 1.2634579 0.4969676 3.2421387 3.4349081 
Jania_rubens               0.6322213 0.4301560 0.4586590 4.2417741 0.6272492 0.5985627 0.6237101 0.5888879 0.5781425 0.5761961 0.5962191 0.6016285 0.3821526 0.0000000 0.4242239 0.4693969 0.4657843 0.4058953 0.4247091 0.5858142 0.6307842 0.6305833 0.6264974 0.6319152 0.6285096 0.6337934 1.5462227 0.5731593 4.0649123 4.1216360 
Palisada_perforata         0.6385147 0.3380624 0.4209418 4.4117901 0.7159241 0.6833216 0.7153348 0.6578782 0.6593308 0.6554601 0.6588945 0.6908450 0.3063366 0.4242239 0.0000000 0.4139252 0.3874297 0.4387241 0.4224459 0.7054561 0.7410976 0.7409374 0.7359613 0.7470528 0.6939901 0.7047388 2.0078918 0.6630294 3.4097188 3.6493895 
Palmaria_decipiens         0.6374592 0.3290666 0.1588195 3.9429263 0.6854837 0.6487094 0.7099726 0.6341439 0.6714776 0.6600071 0.6515936 0.6518430 0.3667853 0.4693969 0.4139252 0.0000000 0.0347106 0.3709754 0.3702521 0.6555151 0.6807847 0.6734918 0.6760536 0.6791867 0.6511654 0.6419569 1.2864014 0.6548518 3.5364879 3.3841609 
Palmaria_palmata           0.6115595 0.3387360 0.1577767 4.1868127 0.6715137 0.6621382 0.6858205 0.6441787 0.6741961 0.6735133 0.6571270 0.6569025 0.3474551 0.4657843 0.3874297 0.0347106 0.0000000 0.3523396 0.3397859 0.6763637 0.6612186 0.6610148 0.6567409 0.6665030 0.6464008 0.6710437 1.2191832 0.6678416 3.6053218 3.6654745 
Porphyra_linearis          0.5827048 0.3765132 0.3501204 4.6516959 0.6042688 0.5745143 0.6461248 0.5803890 0.5933432 0.5789396 0.5543791 0.5876398 0.3810718 0.4058953 0.4387241 0.3709754 0.3523396 0.0000000 0.1343208 0.5690987 0.6587780 0.6519323 0.6543284 0.6553849 0.6330349 0.6236318 1.7451717 0.5587548 3.5808097 3.6463286 
Porphyra_sp._DN001         0.5903304 0.3669246 0.3865226 4.2261355 0.6623255 0.6257432 0.6965887 0.6199966 0.6333554 0.6080141 0.6077349 0.6327311 0.3776004 0.4247091 0.4224459 0.3702521 0.3397859 0.1343208 0.0000000 0.6131758 0.6893311 0.6891367 0.6847034 0.6905787 0.6398505 0.6318364 1.6278246 0.5914966 3.3557397 3.4229325 
Punctaria_latifolia        0.1591185 0.5578017 0.6043440 3.3839103 0.1146891 0.0405963 0.1800033 0.0454921 0.1039277 0.1038882 0.0495065 0.0462907 0.5124809 0.5858142 0.7054561 0.6555151 0.6763637 0.5690987 0.6131758 0.0000000 0.1097640 0.1082481 0.1084286 0.1088335 0.1824179 0.2555180 0.2240946 0.0306881 3.2809041 3.3965550 
Pylaiella_littoralis41     0.1776038 0.6413442 0.6356971 3.9102418 0.1371077 0.1127003 0.1899866 0.1085334 0.1083685 0.1134723 0.1131016 0.1122739 0.5747999 0.6307842 0.7410976 0.6807847 0.6612186 0.6587780 0.6893311 0.1097640 0.0000000 0.0028205 0.0009381 0.0056786 0.2154109 0.2680114 0.3008735 0.1033944 4.0053230 3.8583466 
Pylaiella_littoralis43     0.1756087 0.6536674 0.6354951 3.8548929 0.1379918 0.1111938 0.1908594 0.1070438 0.1093198 0.1144145 0.1115717 0.1107619 0.5746386 0.6305833 0.7409374 0.6734918 0.6610148 0.6519323 0.6891367 0.1082481 0.0028205 0.0000000 0.0037667 0.0047173 0.2131686 0.2686313 0.2973404 0.1019305 3.9496008 3.8046743 
Pylaiella_littoralis45     0.1759666 0.6369792 0.6313866 3.8773415 0.1356909 0.1113775 0.1899866 0.1072195 0.1070153 0.1121044 0.1117589 0.1109457 0.5708876 0.6264974 0.7359613 0.6760536 0.6567409 0.6543284 0.6847034 0.1084286 0.0009381 0.0037667 0.0000000 0.0047228 0.2136352 0.2659410 0.3008735 0.1020958 3.9722884 3.8264015 
Pylaiella_littoralis47     0.1804807 0.6503290 0.6322967 3.8506429 0.1396850 0.1127217 0.1949464 0.1085542 0.1108875 0.1160083 0.1131233 0.1096143 0.5718059 0.6319152 0.7470528 0.6791867 0.6665030 0.6553849 0.6905787 0.1088335 0.0056786 0.0047173 0.0047228 0.0000000 0.2154202 0.2713501 0.2991034 0.1034144 3.9452228 3.8006020 
Scytothamnus_fasciculatus  0.1890402 0.5968137 0.6476546 3.5254592 0.2003398 0.1745190 0.1614988 0.1856140 0.1845275 0.1779664 0.1793171 0.1780380 0.6134194 0.6285096 0.6939901 0.6511654 0.6464008 0.6330349 0.6398505 0.1824179 0.2154109 0.2131686 0.2136352 0.2154202 0.0000000 0.2750817 0.0575625 0.1665699 3.6789743 3.8049150 
Sphacelaria_radicans       0.2454893 0.5930928 0.6066847 3.4139906 0.2684483 0.2340911 0.2023491 0.2354771 0.2474316 0.2444266 0.2352462 0.2462358 0.5202031 0.6337934 0.7047388 0.6419569 0.6710437 0.6236318 0.6318364 0.2555180 0.2680114 0.2686313 0.2659410 0.2713501 0.2750817 0.0000000 0.4275300 0.2314886 3.3019910 3.1161123 
Stereocladon_rugulosus     0.2909021 1.2228759 1.5099150 8.9999981 0.2752265 0.2253738 0.2681419 0.2208924 0.2751634 0.2837865 0.2357698 0.2300844 1.2634579 1.5462227 2.0078918 1.2864014 1.2191832 1.7451717 1.6278246 0.2240946 0.3008735 0.2973404 0.3008735 0.2991034 0.0575625 0.4275300 0.0000000 0.2231752 8.9999984 8.9999990 
Striaria_attenuata         0.1488866 0.5461549 0.6054592 3.2496574 0.1032394 0.0232996 0.1619808 0.0312780 0.0855855 0.0808200 0.0311548 0.0339614 0.4969676 0.5731593 0.6630294 0.6548518 0.6678416 0.5587548 0.5914966 0.0306881 0.1033944 0.1019305 0.1020958 0.1034144 0.1665699 0.2314886 0.2231752 0.0000000 3.1040006 3.2155518 
Ulva_clathrata             3.4108656 3.2927158 3.2465985 0.2392452 3.6021201 3.1504727 3.5629454 3.1731892 3.5917573 3.5648814 2.9560907 3.3135116 3.2421387 4.0649123 3.4097188 3.5364879 3.6053218 3.5808097 3.3557397 3.2809041 4.0053230 3.9496008 3.9722884 3.9452228 3.6789743 3.3019910 8.9999984 3.1040006 0.0000000 0.0362437 
Ulva_flexuosa              3.4160008 3.2834635 3.2291733 0.2414866 3.5521729 3.2496274 3.6670177 3.2468377 3.6660651 3.6249782 3.0306203 3.3691151 3.4349081 4.1216360 3.6493895 3.3841609 3.6654745 3.6463286 3.4229325 3.3965550 3.8583466 3.8046743 3.8264015 3.8006020 3.8049150 3.1161123 8.9999990 3.2155518 0.0362437 0.0000000 
